66292807	28908193	89976494	28608626	59728912
16382772	16764158	79824505	51723602	71665764
32864163	23569578	44663908	64900779	96854195
72112853	31950274	36547575	90036264	89625701
57351258	20971685	28269603	72815631	57591575
49223239	34136956	29034150	47459373	85887401
40008258	75015503	52268392	67309113	37701699
406107	77998476	42400688	26873346	2090084
94357518	25242792	93368202	40661300	80688722
26657173	31140488	45364811	93197102	25464151
70643977	2024590	92187781	9809478	31248332
63497655	41913779	52066873	27681916	37247894
12342794	90297493	89447528	17055237	97003844
41006513	83363802	41304519	20529916	51220371
72626515	86533346	84444365	22481419	17080324
17417620	80259766	18317279	48278458	20524907
67448585	69193585	38656503	12831019	70787793
40402600	45323611	79548213	51746404	66936755
73001892	24275162	16938434	20016875	2789959
16681983	10554137	41199840	65778008	80743049
49703216	59288922	88809677	77467911	59898316
72298673	48342698	79929613	89427360	27138328
38314467	17188245	25990382	29875165	27723536
82027759	35169193	40062617	76710109	63547158
35517257	42187638	54598573	43178854	10851143
52403372	6309147	536043	68527031	54325831
75950157	2024224	69949878	99266207	34153709
50317630	59442358	11959218	69123407	38910754
54697479	18561817	1086175	76981417	28970503
94663528	72027403	94754148	3253899	16439078
32490798	6688967	28947686	77647637	29265061
78442650	97246012	88748810	9107174	58130468
5884020	57327187	41116518	16063598	3271459
90441179	17699704	95754955	67003882	48040889
86795426	23876098	89207666	74835439	34341370
54277108	11573292	14043156	3502732	41680716
53288585	4536116	31166421	26496628	4901091
41490379	9983563	53663462	76524873	95639089
38098008	57703622	82064439	7448969	15290153
74688449	72269368	25845639	6051643	16963155
92198296	88121895	80510416	64452243	58285863
19671792	80557244	13724832	22701855	79649011
83337658	32088357	15780683	60431858	20949582
48801648	69418232	40963615	14805076	57281070
98093055	81053306	47221879	65045247	57738791
2139773	70022545	81896056	85854513	67868027
28373352	90094882	80449360	70329493	41407119
53817571	52493818	19542689	65066225	13063794
21926425	49313651	77424457	25917006	10880878
91481744	56273460	17278675	4512514	77922189
73230853	30875096	52041626	8870283	41493888
35905304	44208931	16523097	2781442	33856271
82677095	52330167	39222094	320186	69356040
43458000	11544085	93653340	98579468	28406671
94009855	17011585	2209405	87641030	20686204
94081389	29059683	91886946	34344746	97254961
64891407	4630915	32580595	35959581	87471022
58553663	12479589	40044514	54242206	88336780
91037726	6094417	52132585	49050406	35869031
65792985	74323851	44663508	21336405	58587298
30220054	77709911	56336255	96640651	53979092
78488216	89471924	34538179	11767510	61304510
81688496	40513580	5920378	59871798	59335804
97295250	4675743	38116338	69263801	29145467
70489526	8863172	47251600	3367468	54261845
87775710	39046247	69298289	82091279	57901684
71459999	57502828	91247525	96362218	12804311
26384268	80760641	50747981	24587237	13334504
26570603	42926064	87276891	77529431	55705068
49105868	93378177	68877235	11796688	61224368
28888245	71559932	32041481	44217438	25672416
13099795	97541275	62888484	27411584	65828622
79705679	66809449	30357645	62648773	24135694
53242442	32383818	36148326	30712710	62133892
46824281	51191280	33049596	40977914	81046906
68139878	81804394	5160267	17830285	64596962
72538408	10796649	44833075	12724395	4961693
60259466	57060054	62234254	44483010	19006735
1383293	11822043	1483612	78239014	25161160
21999403	81601145	77437902	40431176	43122900
72197053	43562666	86379796	55123195	72095185
613337	13074264	3734694	18645592	56803128
69484627	785340	69200688	54222679	25228787
87227980	7676288	66689913	53263919	7919038
25787789	59064676	47881242	28401085	76586688
24769505	29328088	74192269	37641808	88730970
94372409	17612073	74299437	29581898	52852445
84223140	49910788	6094094	51851179	11036352
46900516	75659928	85224674	87436184	21539305
75330625	21075867	85173474	5282756	66968733
58041362	53284088	53296419	32138893	97492380
72329819	52100370	27068495	39446741	35524820
76204833	83015921	5656684	446850	1652052
69264657	28726413	84931750	40089526	75970528
2722700	79762961	77047357	87736449	21641266
31734959	94282046	20392761	50551868	15076597
48410250	7912915	68008182	39319540	99820597
44833514	63416784	75098367	3971229	40356309
81864043	89320136	42056127	26157713	32146971
42764968	36791246	85278996	27250419	68898295
30867865	4213405	98717498	91377974	23052060
36431894	48165002	66631001	99996720	25079176
92916733	99740780	67913916	27508233	94136303
79336829	32238679	27539048	89464774	84566232
55270436	41552552	95639787	75118872	66718307
12424025	14556958	32397751	65049601	72544026
22851910	24849386	43697323	5282281	47186453
7080276	23778014	32572708	93280821	26164757
89372164	87310086	78861121	18699511	35793269
25045289	77549498	48769789	81981490	33720508
51823120	33652606	45779820	41760204	88975019
97193513	43342920	1247467	70279302	11564942
23261448	16070038	42533037	79975003	66214285
94035240	64629482	80180102	26351925	43999190
81228908	90008843	92279021	53598649	95662572
88403582	48482256	95286315	66032738	42079407
62530400	10085981	1276091	46240034	16367889
69758242	81007314	60623995	30238869	11277524
64319695	74679091	67248350	38515014	31634474
87114368	63339814	66885548	34410371	45260462
7950243	82745974	95146113	65887797	82931961
3601752	66148579	34747599	86843201	52503773
61667129	93229859	34543799	65035658	88916421
58558447	63287560	44439146	47891589	82399097
83600445	25453661	30034930	22780100	90811333
80043836	84280450	57571448	74845824	43225073
39870287	72937557	51149653	40512199	56559563
3138925	75935547	206868	28042770	2140522
10166578	27164696	12393324	9824795	30942449
90014242	43238055	30422088	53997941	23615282
59819466	71589605	23555005	29836124	44352847
25110750	65007263	56166287	32083806	6593896
95870397	16611051	82343222	31992024	6328347
615112	15931773	11483313	82160511	67817203
7803727	84405583	43531540	36669954	51352735
9826239	66654017	95959149	55382858	94643317
74126588	4594625	50732831	88279595	90565334
63508313	82775711	34671732	51387168	97799664
58645177	43052567	76856287	28914367	21593136
83897861	93906416	91806548	88637166	90499286
92678821	54948900	95846171	12866986	27031982
49462431	98073325	47410868	18110520	9450633
76439304	78088455	9529488	4671519	27592737
32803540	19494939	58794472	64434754	36997750
32338013	75151877	65856793	20264945	45098950
72893243	80815228	82708579	25595657	38143472
31311676	41759733	44756544	97742506	5352497
51937217	91980565	64765717	69383029	25850115
18718630	94187919	9048135	35008103	48478928
9110775	74160091	3509308	89514887	91793115
41364953	3795740	60262598	24167627	5386281
5566121	93384441	84864252	33114220	33780356
91187733	98367705	57724668	70146767	92340062
4265683	86239937	23077537	53390956	71245169
34043289	81834036	39914242	77344819	59730117
17302484	5700408	80395096	51369607	20371988
17370714	25419481	86657007	56572157	82994087
64443329	47368602	34615853	95186690	7118022
1344349	30472724	11090335	89059639	33261084
30575481	50468591	14677462	92304161	66388594
10952364	74437714	20530455	56255644	59105066
38173538	60911257	57602389	58481330	67613102
48709675	18774109	6970055	12654585	47960772
47341101	8977966	55208346	24105145	57557791
85661963	63483728	50056264	48504489	36375773
2885420	14283656	42490836	87559281	2322944
6124567	53834351	2314650	18657302	73640290
37195167	44509027	6579781	2044200	83997635
991994	73198517	86291180	52232734	31481368
53254338	69040631	85202588	52777412	22105961
13439117	75418149	48957699	55757556	34127250
48405616	62853086	64708216	41596877	84367156
36338876	55923554	39524761	5180617	76435169
44867405	46519508	49032974	52015939	96599519
57322667	42179619	103335	18417029	49840106
43147219	75220774	22483022	59543739	54479741
55900964	84115519	61156240	52727706	57706178
80349232	81617911	2241710	21634413	12198711
19936572	226898	33553761	49134064	7230379
10722677	49601997	14421567	37283095	81085157
63730058	20193523	9729603	92700541	36712388
19783589	67864558	74895865	46246827	1631033
11003748	22021558	64071295	12040048	32866168
76558579	87822241	64827621	52822202	72010360
71137159	40434286	64161123	12974697	49506650
73083853	72645608	55120555	33553830	11596243
53945552	40426966	74239561	12573436	34166982
57946374	87663839	18546902	93542380	34175944
79812088	58959091	7858196	83148104	57909831
75758000	46892819	65671039	88662401	52860573
83773636	70840671	37650526	68929550	48800362
7751373	54271859	14664034	50608938	32798627
53633741	74263797	52492753	4973760	70774888
39223840	60230939	59254565	86959271	46983493
7171614	55297485	6309495	36777709	25201727
10748958	6472509	17851280	59131704	93114494
83935827	20301778	49477999	99801783	32637046
84463237	57481057	53816029	81225496	38178313
235910	94899609	13975562	97063790	80776952
48183584	6276759	12822905	41203628	6404597
